2.263540638251730797e+03
2.263540638251730797e+03
2.263540638251730797e+03
2.263540638251730797e+03
2.263540638251730797e+03
2.263540638251730797e+03
2.263540638251730797e+03
2.263540638251730797e+03
2.263540638251730797e+03
2.263540638251730797e+03
2.263540638251730797e+03
2.263540638251730797e+03
2.263540638251730797e+03
2.263540638251730797e+03
2.263540638251730797e+03
2.263540638251730797e+03
2.263540638251730797e+03
2.263540638251730797e+03
2.263540638251730797e+03
2.263540638251730797e+03
2.263540638251730797e+03
2.263540638251730797e+03
2.263540638251730797e+03
2.263540638251730797e+03
2.263540638251730797e+03
2.263540638251730797e+03
2.263540638251730797e+03
2.263540638251730797e+03
2.263540638251730797e+03
2.263540638251730797e+03
2.263540638251730797e+03
2.263540638251730797e+03
2.263540638251730797e+03
2.263540638251730797e+03
2.263540638251730797e+03
2.263540638251730797e+03
2.263540638251730797e+03
2.263540638251730797e+03
2.263540638251730797e+03
2.263540638251730797e+03
2.263540638251730797e+03
2.263540638251730797e+03
2.263540638251730797e+03
2.263540638251730797e+03
2.263540638251730797e+03
2.263540638251730797e+03
2.263521885902954637e+03
2.263428712880181138e+03
2.262873944066778677e+03
2.259617651533489152e+03
2.242238879633482611e+03
2.215932841994925639e+03
2.249734680551605834e+03
2.331225033716043527e+03
2.468992002534866515e+03
2.650272791236525336e+03
2.837268183308294738e+03
2.953800640219959405e+03
2.839606370054157196e+03
2.658156993901617625e+03
2.342830926952106438e+03
1.832933110869875009e+03
1.057706885945359318e+03
2.051583021347377667e+01
3.874657723399109743e-01
7.317693586523059401e-03
1.382022457013637711e-04
2.610093273274202203e-06
4.929392221989343191e-08
9.312354845983687918e-10
1.571705513012082687e-11
4.243812110638147532e-14
4.243812110638147532e-14
5.237989513629602470e-12
7.858527296178297792e-11
1.222000994557345571e-09
1.885522649265546350e-08
2.910549657143922597e-07
4.492883774549765477e-06
6.935476991671161626e-05
1.070600185923206629e-03
1.652640132713252552e-02
2.551110525756833947e-01
3.938041189985047819e+00
6.078581746429960475e+01
9.269963582239994366e+02
3.010776545231980435e+03
5.393532991553615830e+03
8.244819287863818317e+03
1.175078884921813369e+04
1.175078884921813369e+04
4.229369644929785136e+04
1.296272348325168277e+05
3.809900913094271673e+05
1.104929078011220554e+06
1.560949072488568909e+07
2.198286538428730667e+08
3.095163932541790485e+09
4.357889156071700287e+10
6.135757941219653320e+11
8.638935314210033203e+12
1.216332255239669688e+14
1.712553805224881250e+15
2.411216608844223200e+16
