7.455922439231093328e-12
7.455922439231093328e-12
7.455922439231093328e-12
7.455922439231093328e-12
3.625160865576559113e-13
3.625160866935699052e-13
3.625161002848711525e-13
3.625161210409388412e-13
3.625161731778489615e-13
3.625163041399796828e-13
3.625166331028283076e-13
3.625174594254151051e-13
3.625195350859155287e-13
3.625247490913870001e-13
3.625378469226028278e-13
3.625707479505242400e-13
3.626533352357477481e-13
3.627334133833330305e-13
3.628597687986924316e-13
3.630582143246445614e-13
3.633674917251936447e-13
3.638442415341717272e-13
3.645693273334307613e-13
3.656567409528500021e-13
3.672680045980124453e-13
3.696372889012330297e-13
3.731147383111848569e-13
3.782366974832081970e-13
3.858314412692513734e-13
3.971715906678265616e-13
4.142053876301884764e-13
4.399760949792887150e-13
4.795063592610373542e-13
5.416472684608462112e-13
6.433164594852403000e-13
8.231613404225960781e-13
1.217320951555934457e-12
1.383512271969273536e-11
1.382014629904959238e-10
1.382014592375741966e-09
1.382014592374391593e-08
1.382014592374394604e-07
1.382014592374391799e-06
1.382014592374392010e-05
1.382014592374392417e-04
1.382014592374394531e-03
1.382014592374392579e-02
8.252033528276346563e-02
4.927204855143678119e-01
2.939897591709023761e+00
1.698090825070965337e+01
-1.222800548456801639e-01
4.939710374568379336e+01
1.055856397637428898e+02
1.777259800643757615e+02
2.729884516667080447e+02
3.887700616191826271e+02
4.914650678486690367e+02
4.978534575496099137e+02
4.539328006609964632e+02
3.806698096327535836e+02
2.794448683516956748e+02
1.521753759993111146e+02
2.883609987300852051e+00
5.445996993382799106e-02
1.028533101905576737e-03
1.942491616802992856e-05
3.668597624212843046e-07
6.928471399689907145e-09
1.308887229139225961e-10
2.207461762256247659e-12
1.128299867303478101e-13
1.128299867303478101e-13
8.168531943574893621e-13
1.104549754949157184e-11
1.717553297037469589e-10
2.650182651448934704e-09
4.090901910166959827e-08
6.314940124917714412e-07
9.748109262972591850e-06
1.504774307790399514e-04
2.322856323423620230e-03
3.585694852259165705e-02
5.535085164028645810e-01
8.544225464500133427e+00
1.317031456244084495e+02
5.214911230413077359e-01
5.542508174543061550e-01
5.765448529419090473e-01
5.942180017046958529e-01
5.942180017046958529e-01
6.521777950495939447e-01
6.969491757042696189e-01
7.360240490590157503e-01
7.714298222133844085e-01
8.486792322603458061e-01
9.141664321926743497e-01
9.710558360803391853e-01
1.021348593340004607e+00
1.066417025442353061e+00
1.107245119975949654e+00
1.144562627272982747e+00
1.178925750264316230e+00
1.210768155996095219e+00
