5.844813339465907837e-14
5.844813339465907837e-14
5.844813339465907837e-14
5.844813339465907837e-14
5.844813339465907837e-14
5.844813339465907837e-14
5.844842634087518961e-14
5.844886925045258493e-14
5.844998183238384112e-14
5.845277678557329736e-14
5.845979911877329844e-14
5.847744934313617233e-14
5.852185387658597433e-14
5.863383386875042318e-14
5.891797098946154622e-14
5.965107301615548583e-14
6.164371883556241992e-14
6.388297554297621973e-14
6.884865613667837527e-14
2.111681514887314242e-13
2.113707092002366563e-13
2.123804378834318887e-13
3.636695104047753642e-13
3.654241897058393850e-13
3.410646580433032682e+02
3.410646580433032682e+02
3.410646580433032682e+02
3.410646580433032682e+02
3.410646580433032682e+02
3.410646580433032682e+02
3.410646580433032682e+02
3.410646580433032682e+02
3.410646580433032682e+02
3.410646580433032682e+02
3.410646580433032682e+02
3.410646580433032682e+02
3.410646580433032682e+02
3.410646580433032682e+02
3.410646580433032682e+02
3.410646580433032682e+02
3.410646580433032682e+02
3.410646580433032682e+02
3.410646580433032682e+02
3.410646580433032682e+02
3.410646580433032682e+02
3.410646580433032682e+02
3.410450467692669463e+02
3.409476331615792333e+02
3.403685690633479339e+02
3.370069968788124015e+02
3.210619357527482407e+02
3.784420092470212467e+02
4.512367380929288174e+02
5.439221042677653486e+02
6.475079761744289044e+02
7.538080749946034302e+02
8.497024164691655415e+02
9.088694315104928592e+02
8.759053582455813967e+02
8.136705463097266602e+02
7.070348640942253269e+02
5.415855076756221251e+02
3.053098193208801376e+02
5.858296648735756840e+00
1.106405081733710105e-01
2.089560923486321123e-03
3.946352887574761738e-05
7.453098228289828184e-07
1.407583583791518530e-08
2.659134679763442641e-10
4.487991130205345800e-12
1.533435946346139884e-14
1.533435946346139884e-14
1.495690293924111047e-12
2.243995503786165807e-11
3.489413018592533328e-10
5.384093227830453196e-09
8.311048771754033779e-08
1.282938983172930765e-06
1.980419313296281740e-05
3.057089350259698120e-04
4.719099264094334979e-03
7.284673515072648264e-02
1.124504174488427433e+00
1.735783229515436332e+01
2.660560109014190857e+02
8.829766642661281821e+02
1.607986387299468106e+03
2.483226074896082082e+03
3.561804588224636518e+03
3.561804588224636063e+03
1.295808059059627158e+04
3.981417180448569707e+04
1.171055142451040156e+05
3.397067815926583135e+05
4.799654022219355218e+06
6.759415176946042478e+07
9.517189904707417488e+08
1.339989135646127892e+10
1.886658588664528809e+11
2.656350147295749512e+12
3.740049262899950000e+13
5.265860186904779375e+14
7.414149268641522000e+15
