5.828795632691077385e-14
5.828795632691077385e-14
5.828795632691077385e-14
5.828795632691077385e-14
5.828795632691077385e-14
5.828795632691077385e-14
5.828811976527564402e-14
5.828836686701142485e-14
5.828898756641859772e-14
5.829054674275304520e-14
5.829446353171126608e-14
5.830430400620517640e-14
5.832919996241284278e-14
5.839140085061969405e-14
5.854815745714638171e-14
5.894568748984430649e-14
5.997023216209582499e-14
6.101071873118442588e-14
6.280180629638612196e-14
2.110695208180669228e-13
2.110357120758145736e-13
2.111765119558461417e-13
3.634800640995590634e-13
3.634949081828970338e-13
4.084567472850217769e+02
4.084567472850217769e+02
4.084567472850217769e+02
4.084567472850217769e+02
4.084567472850217769e+02
4.084567472850217769e+02
4.084567472850217769e+02
4.084567472850217769e+02
4.084567472850217769e+02
4.084567472850217769e+02
4.084567472850217769e+02
4.084567472850217769e+02
4.084567472850217769e+02
4.084567472850217769e+02
4.084567472850217769e+02
4.084567472850217769e+02
4.084567472850217769e+02
4.084567472850217769e+02
4.084567472850217769e+02
4.084567472850217769e+02
4.084567472850217769e+02
4.084567472850217769e+02
4.084431569407980191e+02
4.083756508954630817e+02
4.079743738377334239e+02
4.056442739599474976e+02
3.944215139935002981e+02
4.321201915384583572e+02
4.869751153021155687e+02
5.628684302253091118e+02
6.544773090363222536e+02
7.562622801817457230e+02
8.594659153399458091e+02
9.452413825929526183e+02
9.623064932727094174e+02
9.252048031905585503e+02
8.416351660071444485e+02
6.830093658599812443e+02
4.082843283208673029e+02
8.037439890304529655e+00
1.517972410412240791e-01
2.866848574807222185e-03
5.414341369168570501e-05
1.022554728771506255e-06
1.931185133564819063e-08
3.648295860252384457e-10
4.465892473759136874e-12
1.829524145404815490e-14
1.829524145404815490e-14
1.490950756770894429e-12
3.078740130901108608e-11
4.787426213242580832e-10
7.386901153894982733e-09
2.714915124108047690e-07
4.190891600301470033e-06
6.469304288066413328e-05
9.986390816255608614e-04
1.541556825872520374e-02
2.379635933250106861e-01
3.673343129469987645e+00
5.669793564614554526e+01
8.588026310437431903e+02
2.702434345931894768e+03
4.714691177077374959e+03
7.077203676369287678e+03
9.961253887437344019e+03
9.961253887437344019e+03
3.495409074068570044e+04
1.063456979312904004e+05
3.118233425942358444e+05
9.036070623265994946e+05
1.276058435655878671e+07
1.797022129393151402e+08
2.530182680813426495e+09
3.562413584920578003e+10
5.015755663287031250e+11
7.062010775177004883e+12
9.943067264451807812e+13
1.399949529080334500e+15
1.971080584891749200e+16
