1.398740405971924878e-13
1.398740405971924878e-13
1.398740405971924878e-13
1.398740405971924878e-13
1.398740405971924878e-13
1.398740405971924878e-13
1.398744494132578379e-13
1.398750675007459982e-13
1.398766200876999851e-13
1.398805201447335982e-13
1.398903174970356947e-13
1.399149326069858829e-13
1.399772092110987912e-13
1.401328238281002932e-13
1.405251247039591027e-13
1.415209835421934582e-13
1.440965192875756850e-13
1.467298019715762633e-13
1.513229955552946934e-13
5.075174818609462930e-13
5.077598901266458819e-13
5.087380060453553663e-13
8.770575797686211212e-13
9.725160649643399893e+02
9.725160649643399893e+02
9.725160649643399893e+02
9.725160649643399893e+02
9.725160649643399893e+02
9.725160649643399893e+02
9.725160649643399893e+02
9.725160649643399893e+02
9.725160649643399893e+02
9.725160649643399893e+02
9.725160649643399893e+02
9.725160649643399893e+02
9.725160649643399893e+02
9.725160649643399893e+02
9.725160649643399893e+02
9.725160649643399893e+02
9.725160649643399893e+02
9.725160649643399893e+02
9.725160649643399893e+02
9.725160649643399893e+02
9.725160649643399893e+02
9.725160649643399893e+02
9.725160649643399893e+02
9.724837070019030989e+02
9.723229783225307301e+02
9.713675567565069287e+02
9.658196999046339215e+02
9.390988428416648048e+02
1.028857598901093297e+03
1.159464560243133064e+03
1.340162929107879791e+03
6.951194180769046173e-310
6.951194180754817082e-310
6.951194180825962535e-310
6.951194180767465163e-310
6.951194180729520921e-310
6.951194180773789203e-310
6.951194180783275263e-310
6.951194180737425971e-310
6.951194180781694253e-310
6.951194180849677686e-310
6.951194180697900720e-310
6.951194180792761324e-310
6.951194180757979102e-310
6.951194180713710820e-310
6.951194180712129810e-310
6.951194180688414659e-310
6.951194180844934656e-310
6.951194180678928599e-310
6.951194180837029606e-310
6.951194180803828394e-310
6.951194180775370213e-310
6.951194180710548800e-310
6.951194180821219505e-310
6.951194180753236072e-310
6.951194180699481730e-310
6.951194180693157690e-310
6.951194180810152434e-310
6.951194180674185569e-310
6.951194180671023549e-310
6.951194180848096676e-310
6.951194180843353646e-310
6.951194180659956478e-310
6.951194180682090619e-310
6.951194180841772636e-310
6.951194180805409404e-310
6.951194180683671629e-310
6.951194180740587992e-310
6.951194180667861528e-310
6.951194180811733445e-310
6.951194180827543545e-310
6.951194180780113243e-310
6.951194180808571424e-310
6.951194180759560112e-310
6.951194180800666374e-310
6.951194180846515666e-310
6.951194180764303143e-310
6.951194180675766579e-310
6.951194180762722132e-310
6.951194180795923344e-310
6.951194180739006981e-310
