6.210949109999999875e-13
6.210949109999999875e-13
6.210949109999999875e-13
6.210949109999999875e-13
6.210949109999999875e-13
6.210949109999999875e-13
6.210992819857897141e-13
6.211058907502187230e-13
6.211224925089992726e-13
6.211642024062287714e-13
6.212690245326040585e-13
6.215326527781383850e-13
6.221969421234462274e-13
6.238790745346467206e-13
6.281956092940998569e-13
6.397239066620647453e-13
6.761969523805436532e-13
3.410646580433032796e+03
3.410646580433032796e+03
3.410646580433032796e+03
3.410646580433032796e+03
3.410646580433032796e+03
3.410646580433032796e+03
3.410646580433032796e+03
3.410646580433032796e+03
3.410646580433032796e+03
3.410646580433032796e+03
3.410646580433032796e+03
3.410646580433032796e+03
3.410646580433032796e+03
3.410646580433032796e+03
3.410646580433032796e+03
3.410646580433032796e+03
3.410646580433032796e+03
3.410646580433032796e+03
3.410646580433032796e+03
3.410646580433032796e+03
3.410646580433032796e+03
3.410646580433032796e+03
3.410646580433032796e+03
3.410646580433032796e+03
3.410646580433032796e+03
3.410646580433032796e+03
3.410646580433032796e+03
3.410646580433032796e+03
3.410646580433032796e+03
3.410450467692669918e+03
3.409476331615792787e+03
3.403685690633479680e+03
3.370069968788124243e+03
3.210619357527482862e+03
3.784420092470212694e+03
4.512367380929288629e+03
5.439221042677653713e+03
6.475079761744289499e+03
7.538080749946034302e+03
8.497024164691656551e+03
9.088694315104929046e+03
8.759053582455813739e+03
8.136705463097267966e+03
7.070348640942253951e+03
5.415855076756221024e+03
3.053098193208801604e+03
5.858296648735756662e+01
1.106405081733710327e+00
2.089560923486321470e-02
3.946352887574762144e-04
7.453098228289829031e-06
1.407583583791518761e-07
2.659134679763442745e-09
4.487991130205346446e-11
1.492629708774233227e-13
1.492629708774233227e-13
1.495991213479517820e-11
2.243995503786166000e-10
3.489413018592533638e-09
5.384093227830453692e-08
8.311048771754033514e-07
1.282938983172930934e-05
1.980419313296282011e-04
3.057089350259698662e-03
4.719099264094335500e-02
7.284673515072649375e-01
1.124504174488427566e+01
1.735783229515436688e+02
2.660560109014190857e+03
8.829766642661283186e+03
1.607986387299468333e+04
2.483226074896081991e+04
3.561804588224636973e+04
3.561804588224636245e+04
1.295808059059627267e+05
3.981417180448569707e+05
1.171055142451040214e+06
3.397067815926583484e+06
4.799654022219356149e+07
6.759415176946042776e+08
9.517189904707418442e+09
1.339989135646127930e+11
1.886658588664529053e+12
2.656350147295750000e+13
3.740049262899950625e+14
5.265860186904780000e+15
7.414149268641523200e+16
