3.410646580399999834e+02
1.448978014559474561e-12
1.448978014559474359e-12
1.448978014559457799e-12
1.448978014557768299e-12
1.448978014388803128e-12
1.448977997492308681e-12
1.448977971688550230e-12
1.448977906871696058e-12
1.448977744054414443e-12
1.448977335048112496e-12
1.448976307476764020e-12
1.448973725156194120e-12
1.443215940174909504e-12
1.443213703767607743e-12
1.443208396909216571e-12
1.448803552383304725e-12
3.410646580399999834e+02
3.410646580399999834e+02
3.410646580399999834e+02
3.410646580399999834e+02
3.410646580399999834e+02
3.410646580399999834e+02
3.410646580399999834e+02
3.410646580399999834e+02
3.410646580399999834e+02
3.410646580399999834e+02
3.410646580399999834e+02
3.410646580399999834e+02
3.410646580399999834e+02
3.410646580399999834e+02
3.410646580399999834e+02
3.410646580399999834e+02
3.410646580399999834e+02
3.410646580399999834e+02
3.410646580399999834e+02
3.410646580399999834e+02
3.410646580399999834e+02
3.410646580399999834e+02
3.410646580399999834e+02
3.410646580399999834e+02
3.410646580399999834e+02
3.410646580399999834e+02
3.410646580399999834e+02
3.410646580399999834e+02
3.410646580399999834e+02
3.410450467692673442e+02
3.409476331615782101e+02
3.403685690633472518e+02
3.370069968788129700e+02
3.210619357527480702e+02
3.784420092470211330e+02
4.512367380929289311e+02
5.439221042677652349e+02
6.475079761744286770e+02
7.538080749946037713e+02
8.497024164691652004e+02
9.088694315104929728e+02
8.759053582455815103e+02
8.136705463097268876e+02
7.070348640942252132e+02
5.415855076756218978e+02
3.053098193208800240e+02
5.858296648735755063e+00
1.106405081733710244e-01
2.089560923486319822e-03
3.946352887574759027e-05
7.453098228289829243e-07
-7.474775097246348921e+00
-9.198508956377034806e+00
-1.097119730046233599e+01
-1.343935477226078845e+01
-1.343935477226078845e+01
-1.144836851269056766e+01
-1.027222730799328332e+01
-9.080496913360301292e+00
-7.892136719125927513e+00
-6.703593459508364383e+00
-5.515043288661666487e+00
-4.326492137423818996e+00
-3.137941158260733054e+00
-1.949390177773107524e+00
-7.608391980914406272e-01
4.277117816048965349e-01
1.616246197664092943e+00
2.801723784822353291e+00
3.322699935586948428e+00
3.583033077431355018e+00
3.771766969474986908e+00
3.928420798624969734e+00
3.928420798624969734e+00
4.489291386241073489e+00
4.976788395770546103e+00
5.445328055142750756e+00
5.907854926412875685e+00
7.057960642465938683e+00
8.206659832109965080e+00
9.355259444852791262e+00
1.050385198681163601e+01
1.165244402657993206e+01
1.280103603068045359e+01
1.394962803224768955e+01
1.509822003363500009e+01
1.624681203500952975e+01
